10
SUP35_Kla_AB039749                     0.0000000 0.6210833 0.7039188 0.7021355 0.6994470 0.7063935 0.6618209 0.6989954 0.7209103 0.6770936 
SUP35_Agos_ATCC_10895_NM_211584        0.6210833 0.0000000 0.7393308 0.7374093 0.7367446 0.7389312 0.7239111 0.8092287 0.7576588 0.7966694 
SUP35_Scer_74-D694_GCA_001578265.1     0.7039188 0.7393308 0.0000000 0.0009906 0.0005069 0.0825063 0.1583957 0.2023218 0.2045018 0.2350312 
SUP35_Sbou_unique28_CM003560           0.7021355 0.7374093 0.0009906 0.0000000 0.0005067 0.0824450 0.1582577 0.2021310 0.2063133 0.2348059 
SUP35_Scer_beer078_CM005938            0.6994470 0.7367446 0.0005069 0.0005067 0.0000000 0.0798962 0.1540022 0.1976705 0.1985430 0.2267659 
SUP35_Spar_A12_Liti                    0.7063935 0.7389312 0.0825063 0.0824450 0.0798962 0.0000000 0.1426249 0.1823793 0.1964725 0.2197407 
SUP35_Smik_IFO1815T_30                 0.6618209 0.7239111 0.1583957 0.1582577 0.1540022 0.1426249 0.0000000 0.1868384 0.2051685 0.2176849 
SUP35_Sarb_H-6_chrXIII_CM001575        0.6989954 0.8092287 0.2023218 0.2021310 0.1976705 0.1823793 0.1868384 0.0000000 0.1981045 0.1814741 
SUP35_Skud_IFO1802T_36                 0.7209103 0.7576588 0.2045018 0.2063133 0.1985430 0.1964725 0.2051685 0.1981045 0.0000000 0.1993483 
SUP35_Seub_CBS12357_chr_II_IV_DF968535 0.6770936 0.7966694 0.2350312 0.2348059 0.2267659 0.2197407 0.2176849 0.1814741 0.1993483 0.0000000 
