10
SUP35_Kla_AB039749                     0.0000000 0.6764910 0.7762606 0.7743637 0.7892634 0.7789533 0.7070785 0.7320780 0.8222957 0.7108465 
SUP35_Agos_ATCC_10895_NM_211584        0.6764910 0.0000000 0.7937150 0.7917179 0.8173297 0.8220898 0.8242330 0.8642899 0.8327054 0.8236484 
SUP35_Scer_74-D694_GCA_001578265.1     0.7762606 0.7937150 0.0000000 0.0004951 0.0000010 0.0807525 0.1592091 0.1881244 0.2156308 0.2188290 
SUP35_Sbou_unique28_CM003560           0.7743637 0.7917179 0.0004951 0.0000000 0.0005093 0.0813990 0.1599336 0.1889017 0.2164400 0.2196296 
SUP35_Scer_beer078_CM005938            0.7892634 0.8173297 0.0000010 0.0005093 0.0000000 0.0806137 0.1574685 0.1891176 0.2096094 0.2189647 
SUP35_Spar_A12_Liti                    0.7789533 0.8220898 0.0807525 0.0813990 0.0806137 0.0000000 0.1678092 0.2001557 0.2254342 0.2299731 
SUP35_Smik_IFO1815T_30                 0.7070785 0.8242330 0.1592091 0.1599336 0.1574685 0.1678092 0.0000000 0.1963718 0.1983778 0.2101199 
SUP35_Sarb_H-6_chrXIII_CM001575        0.7320780 0.8642899 0.1881244 0.1889017 0.1891176 0.2001557 0.1963718 0.0000000 0.1893263 0.1516345 
SUP35_Skud_IFO1802T_36                 0.8222957 0.8327054 0.2156308 0.2164400 0.2096094 0.2254342 0.1983778 0.1893263 0.0000000 0.1968334 
SUP35_Seub_CBS12357_chr_II_IV_DF968535 0.7108465 0.8236484 0.2188290 0.2196296 0.2189647 0.2299731 0.2101199 0.1516345 0.1968334 0.0000000 
