10
SUP35_Kla_AB039749                     0.0000000 0.6028949 0.6966333 0.6948754 0.6930466 0.6967690 0.6575267 0.6969183 0.7154372 0.6743044 
SUP35_Agos_ATCC_10895_NM_211584        0.6028949 0.0000000 0.7198799 0.7180111 0.7180922 0.7204964 0.7046102 0.7923307 0.7409356 0.7729237 
SUP35_Scer_74-D694_GCA_001578265.1     0.6966333 0.7198799 0.0000000 0.0009893 0.0005063 0.0812825 0.1569662 0.2012026 0.2027932 0.2337864 
SUP35_Sbou_unique28_CM003560           0.6948754 0.7180111 0.0009893 0.0000000 0.0005060 0.0812219 0.1568273 0.2010077 0.2045991 0.2335559 
SUP35_Scer_beer078_CM005938            0.6930466 0.7180922 0.0005063 0.0005060 0.0000000 0.0785945 0.1523252 0.1960967 0.1966696 0.2247532 
SUP35_Spar_A12_Liti                    0.6967690 0.7204964 0.0812825 0.0812219 0.0785945 0.0000000 0.1416135 0.1814498 0.1960474 0.2197449 
SUP35_Smik_IFO1815T_30                 0.6575267 0.7046102 0.1569662 0.1568273 0.1523252 0.1416135 0.0000000 0.1857189 0.2044367 0.2177242 
SUP35_Sarb_H-6_chrXIII_CM001575        0.6969183 0.7923307 0.2012026 0.2010077 0.1960967 0.1814498 0.1857189 0.0000000 0.1973164 0.1813426 
SUP35_Skud_IFO1802T_36                 0.7154372 0.7409356 0.2027932 0.2045991 0.1966696 0.1960474 0.2044367 0.1973164 0.0000000 0.1989838 
SUP35_Seub_CBS12357_chr_II_IV_DF968535 0.6743044 0.7729237 0.2337864 0.2335559 0.2247532 0.2197449 0.2177242 0.1813426 0.1989838 0.0000000 
