10
SUP35_Agos_ATCC_10895_NM_211584        0.0000000 0.6802112 0.7477601 0.8093394 0.8253628 0.7646223 0.7648610 0.7220153 0.7210054 0.6971246 
SUP35_Kla_AB039749                     0.6802112 0.0000000 0.6177724 0.5799924 0.6031411 0.5645367 0.6093522 0.5851292 0.5840541 0.5633047 
SUP35_Skud_IFO1802T_36                 0.7477601 0.6177724 0.0000000 0.1975937 0.1883530 0.1976594 0.1890533 0.1943900 0.1961037 0.1909411 
SUP35_Seub_CBS12357_chr_II_IV_DF968535 0.8093394 0.5799924 0.1975937 0.0000000 0.1792621 0.2137152 0.2140072 0.2292166 0.2290135 0.2227085 
SUP35_Sarb_H-6_chrXIII_CM001575        0.8253628 0.6031411 0.1883530 0.1792621 0.0000000 0.1779642 0.1739304 0.1924244 0.1922636 0.1884701 
SUP35_Smik_IFO1815T_30                 0.7646223 0.5645367 0.1976594 0.2137152 0.1779642 0.0000000 0.1376799 0.1495509 0.1494413 0.1461021 
SUP35_Spar_A12_Liti                    0.7648610 0.6093522 0.1890533 0.2140072 0.1739304 0.1376799 0.0000000 0.0793408 0.0792932 0.0787751 
SUP35_Scer_74-D694_GCA_001578265.1     0.7220153 0.5851292 0.1943900 0.2292166 0.1924244 0.1495509 0.0793408 0.0000000 0.0009918 0.0010081 
SUP35_Sbou_unique28_CM003560           0.7210054 0.5840541 0.1961037 0.2290135 0.1922636 0.1494413 0.0792932 0.0009918 0.0000000 0.0010077 
SUP35_Scer_beer078_CM005938            0.6971246 0.5633047 0.1909411 0.2227085 0.1884701 0.1461021 0.0787751 0.0010081 0.0010077 0.0000000 
