10
SUP35_Agos_ATCC_10895_NM_211584        0.0000000 0.6801970 0.7477414 0.8093213 0.8253446 0.7646063 0.7648438 0.7219986 0.7209888 0.6971083 
SUP35_Kla_AB039749                     0.6801970 0.0000000 0.6177572 0.5799790 0.6031266 0.5645234 0.6093378 0.5851154 0.5840404 0.5632913 
SUP35_Skud_IFO1802T_36                 0.7477414 0.6177572 0.0000000 0.1975904 0.1883501 0.1976562 0.1890503 0.1943868 0.1961004 0.1909379 
SUP35_Seub_CBS12357_chr_II_IV_DF968535 0.8093213 0.5799790 0.1975904 0.0000000 0.1792596 0.2137116 0.2140036 0.2292127 0.2290097 0.2227049 
SUP35_Sarb_H-6_chrXIII_CM001575        0.8253446 0.6031266 0.1883501 0.1792596 0.0000000 0.1779615 0.1739279 0.1924214 0.1922606 0.1884672 
SUP35_Smik_IFO1815T_30                 0.7646063 0.5645234 0.1976562 0.2137116 0.1779615 0.0000000 0.1376782 0.1495490 0.1494395 0.1461003 
SUP35_Spar_A12_Liti                    0.7648438 0.6093378 0.1890503 0.2140036 0.1739279 0.1376782 0.0000000 0.0793401 0.0792925 0.0787744 
SUP35_Scer_74-D694_GCA_001578265.1     0.7219986 0.5851154 0.1943868 0.2292127 0.1924214 0.1495490 0.0793401 0.0000000 0.0009918 0.0010081 
SUP35_Sbou_unique28_CM003560           0.7209888 0.5840404 0.1961004 0.2290097 0.1922606 0.1494395 0.0792925 0.0009918 0.0000000 0.0010077 
SUP35_Scer_beer078_CM005938            0.6971083 0.5632913 0.1909379 0.2227049 0.1884672 0.1461003 0.0787744 0.0010081 0.0010077 0.0000000 
